200 12
1 2 3 4 5 6 4 5 6 11 22 33
44 55 66 1 2 3 1 2 3 4 5 6
1 2 3 4 5 6 4 5 6 11 22 33
44 55 66 1 2 3 1 2 3 4 5 6
1 2 3 4 5 6 4 5 6 11 22 33
1 2 3 4 5 6 4 5 6 11 22 33
44 55 66 1 2 3 1 2 3 4 5 6
1 2 3 4 5 6 4 5 6 11 22 33
44 55 66 1 2 3 1 2 3 4 5 6
1 2 3 4 5 6 4 5 6 11 22 33
1 2 3 4 5 6 4 5 6 11 22 33
44 55 66 1 2 3 1 2 3 4 5 6
1 2 3 4 5 6 4 5 6 11 22 33
44 55 66 1 2 3 1 2 3 4 5 6
1 2 3 4 5 6 4 5 6 11 22 33
1 2 3 4 5 6 4 5 6 11 22 33
44 55 66 1 2 3 1 2 3 4 5 6
1 2 3 4 5 6 4 5 6 11 22 33
44 55 66 1 2 3 1 2 3 4 5 6
1 2 3 4 5 6 4 5 6 11 22 33
1 2 3 4 5 6 4 5 6 11 22 33
44 55 66 1 2 3 1 2 3 4 5 6
1 2 3 4 5 6 4 5 6 11 22 33
44 55 66 1 2 3 1 2 3 4 5 6
1 2 3 4 5 6 4 5 6 11 22 33
1 2 3 4 5 6 4 5 6 11 22 33
44 55 66 1 2 3 1 2 3 4 5 6
1 2 3 4 5 6 4 5 6 11 22 33
44 55 66 1 2 3 1 2 3 4 5 6
1 2 3 4 5 6 4 5 6 11 22 33
1 2 3 4 5 6 4 5 6 11 22 33
44 55 66 1 2 3 1 2 3 4 5 6
1 2 3 4 5 6 4 5 6 11 22 33
44 55 66 1 2 3 1 2 3 4 5 6
1 2 3 4 5 6 4 5 6 11 22 33
1 2 3 4 5 6 4 5 6 11 22 33
44 55 66 1 2 3 1 2 3 4 5 6
1 2 3 4 5 6 4 5 6 11 22 33
44 55 66 1 2 3 1 2 3 4 5 6
1 2 3 4 5 6 4 5 6 11 22 33
1 2 3 4 5 6 4 5 6 11 22 33
44 55 66 1 2 3 1 2 3 4 5 6
1 2 3 4 5 6 4 5 6 11 22 33
44 55 66 1 2 3 1 2 3 4 5 6
1 2 3 4 5 6 4 5 6 11 22 33
1 2 3 4 5 6 4 5 6 11 22 33
44 55 66 1 2 3 1 2 3 4 5 6
1 2 3 4 5 6 4 5 6 11 22 33
44 55 66 1 2 3 1 2 3 4 5 6
1 2 3 4 5 6 4 5 6 11 22 33
1 2 3 4 5 6 4 5 6 11 22 33
44 55 66 1 2 3 1 2 3 4 5 6
1 2 3 4 5 6 4 5 6 11 22 33
44 55 66 1 2 3 1 2 3 4 5 6
1 2 3 4 5 6 4 5 6 11 22 33
1 2 3 4 5 6 4 5 6 11 22 33
44 55 66 1 2 3 1 2 3 4 5 6
1 2 3 4 5 6 4 5 6 11 22 33
44 55 66 1 2 3 1 2 3 4 5 6
1 2 3 4 5 6 4 5 6 11 22 33
1 2 3 4 5 6 4 5 6 11 22 33
44 55 66 1 2 3 1 2 3 4 5 6
1 2 3 4 5 6 4 5 6 11 22 33
44 55 66 1 2 3 1 2 3 4 5 6
1 2 3 4 5 6 4 5 6 11 22 33
1 2 3 4 5 6 4 5 6 11 22 33
44 55 66 1 2 3 1 2 3 4 5 6
1 2 3 4 5 6 4 5 6 11 22 33
44 55 66 1 2 3 1 2 3 4 5 6
1 2 3 4 5 6 4 5 6 11 22 33
1 2 3 4 5 6 4 5 6 11 22 33
44 55 66 1 2 3 1 2 3 4 5 6
1 2 3 4 5 6 4 5 6 11 22 33
44 55 66 1 2 3 1 2 3 4 5 6
1 2 3 4 5 6 4 5 6 11 22 33
1 2 3 4 5 6 4 5 6 11 22 33
44 55 66 1 2 3 1 2 3 4 5 6
1 2 3 4 5 6 4 5 6 11 22 33
44 55 66 1 2 3 1 2 3 4 5 6
1 2 3 4 5 6 4 5 6 11 22 33
1 2 3 4 5 6 4 5 6 11 22 33
44 55 66 1 2 3 1 2 3 4 5 6
1 2 3 4 5 6 4 5 6 11 22 33
44 55 66 1 2 3 1 2 3 4 5 6
1 2 3 4 5 6 4 5 6 11 22 33
1 2 3 4 5 6 4 5 6 11 22 33
44 55 66 1 2 3 1 2 3 4 5 6
1 2 3 4 5 6 4 5 6 11 22 33
44 55 66 1 2 3 1 2 3 4 5 6
1 2 3 4 5 6 4 5 6 11 22 33
1 2 3 4 5 6 4 5 6 11 22 33
44 55 66 1 2 3 1 2 3 4 5 6
1 2 3 4 5 6 4 5 6 11 22 33
44 55 66 1 2 3 1 2 3 4 5 6
1 2 3 4 5 6 4 5 6 11 22 33
1 2 3 4 5 6 4 5 6 11 22 33
44 55 66 1 2 3 1 2 3 4 5 6
1 2 3 4 5 6 4 5 6 11 22 33
44 55 66 1 2 3 1 2 3 4 5 6
1 2 3 4 5 6 4 5 6 11 22 33
1 2 3 4 5 6 4 5 6 11 22 33
44 55 66 1 2 3 1 2 3 4 5 6
1 2 3 4 5 6 4 5 6 11 22 33
44 55 66 1 2 3 1 2 3 4 5 6
1 2 3 4 5 6 4 5 6 11 22 33
1 2 3 4 5 6 4 5 6 11 22 33
44 55 66 1 2 3 1 2 3 4 5 6
1 2 3 4 5 6 4 5 6 11 22 33
44 55 66 1 2 3 1 2 3 4 5 6
1 2 3 4 5 6 4 5 6 11 22 33
1 2 3 4 5 6 4 5 6 11 22 33
44 55 66 1 2 3 1 2 3 4 5 6
1 2 3 4 5 6 4 5 6 11 22 33
44 55 66 1 2 3 1 2 3 4 5 6
1 2 3 4 5 6 4 5 6 11 22 33
1 2 3 4 5 6 4 5 6 11 22 33
44 55 66 1 2 3 1 2 3 4 5 6
1 2 3 4 5 6 4 5 6 11 22 33
44 55 66 1 2 3 1 2 3 4 5 6
1 2 3 4 5 6 4 5 6 11 22 33
1 2 3 4 5 6 4 5 6 11 22 33
44 55 66 1 2 3 1 2 3 4 5 6
1 2 3 4 5 6 4 5 6 11 22 33
44 55 66 1 2 3 1 2 3 4 5 6
1 2 3 4 5 6 4 5 6 11 22 33
1 2 3 4 5 6 4 5 6 11 22 33
44 55 66 1 2 3 1 2 3 4 5 6
1 2 3 4 5 6 4 5 6 11 22 33
44 55 66 1 2 3 1 2 3 4 5 6
1 2 3 4 5 6 4 5 6 11 22 33
1 2 3 4 5 6 4 5 6 11 22 33
44 55 66 1 2 3 1 2 3 4 5 6
1 2 3 4 5 6 4 5 6 11 22 33
44 55 66 1 2 3 1 2 3 4 5 6
1 2 3 4 5 6 4 5 6 11 22 33
1 2 3 4 5 6 4 5 6 11 22 33
44 55 66 1 2 3 1 2 3 4 5 6
1 2 3 4 5 6 4 5 6 11 22 33
44 55 66 1 2 3 1 2 3 4 5 6
1 2 3 4 5 6 4 5 6 11 22 33
1 2 3 4 5 6 4 5 6 11 22 33
44 55 66 1 2 3 1 2 3 4 5 6
1 2 3 4 5 6 4 5 6 11 22 33
44 55 66 1 2 3 1 2 3 4 5 6
1 2 3 4 5 6 4 5 6 11 22 33
1 2 3 4 5 6 4 5 6 11 22 33
44 55 66 1 2 3 1 2 3 4 5 6
1 2 3 4 5 6 4 5 6 11 22 33
44 55 66 1 2 3 1 2 3 4 5 6
1 2 3 4 5 6 4 5 6 11 22 33
1 2 3 4 5 6 4 5 6 11 22 33
44 55 66 1 2 3 1 2 3 4 5 6
1 2 3 4 5 6 4 5 6 11 22 33
44 55 66 1 2 3 1 2 3 4 5 6
1 2 3 4 5 6 4 5 6 11 22 33
1 2 3 4 5 6 4 5 6 11 22 33
44 55 66 1 2 3 1 2 3 4 5 6
1 2 3 4 5 6 4 5 6 11 22 33
44 55 66 1 2 3 1 2 3 4 5 6
1 2 3 4 5 6 4 5 6 11 22 33
1 2 3 4 5 6 4 5 6 11 22 33
44 55 66 1 2 3 1 2 3 4 5 6
1 2 3 4 5 6 4 5 6 11 22 33
44 55 66 1 2 3 1 2 3 4 5 6
1 2 3 4 5 6 4 5 6 11 22 33
1 2 3 4 5 6 4 5 6 11 22 33
44 55 66 1 2 3 1 2 3 4 5 6
1 2 3 4 5 6 4 5 6 11 22 33
44 55 66 1 2 3 1 2 3 4 5 6
1 2 3 4 5 6 4 5 6 11 22 33
1 2 3 4 5 6 4 5 6 11 22 33
44 55 66 1 2 3 1 2 3 4 5 6
1 2 3 4 5 6 4 5 6 11 22 33
44 55 66 1 2 3 1 2 3 4 5 6
1 2 3 4 5 6 4 5 6 11 22 33
1 2 3 4 5 6 4 5 6 11 22 33
44 55 66 1 2 3 1 2 3 4 5 6
1 2 3 4 5 6 4 5 6 11 22 33
44 55 66 1 2 3 1 2 3 4 5 6
1 2 3 4 5 6 4 5 6 11 22 33
1 2 3 4 5 6 4 5 6 11 22 33
44 55 66 1 2 3 1 2 3 4 5 6
1 2 3 4 5 6 4 5 6 11 22 33
44 55 66 1 2 3 1 2 3 4 5 6
1 2 3 4 5 6 4 5 6 11 22 33
1 2 3 4 5 6 4 5 6 11 22 33
44 55 66 1 2 3 1 2 3 4 5 6
1 2 3 4 5 6 4 5 6 11 22 33
44 55 66 1 2 3 1 2 3 4 5 6
1 2 3 4 5 6 4 5 6 11 22 33
1 2 3 4 5 6 4 5 6 11 22 33
44 55 66 1 2 3 1 2 3 4 5 6
1 2 3 4 5 6 4 5 6 11 22 33
44 55 66 1 2 3 1 2 3 4 5 6
1 2 3 4 5 6 4 5 6 11 22 33
1 2 3 4 5 6 4 5 6 11 22 33
44 55 66 1 2 3 1 2 3 4 5 6
1 2 3 4 5 6 4 5 6 11 22 33
44 55 66 1 2 3 1 2 3 4 5 6
1 2 3 4 5 6 4 5 6 11 22 33

5 5
1 1 1 1 1
1 1 1 1 1
1 1 1 1 1
1 1 1 1 1
1 1 1 1 1
10000